# Created by Octave 3.0.0, Tue Sep 15 14:03:19 2009 PDT <hy255@gongfang-desktop>
# name: tran_xEnd
# type: matrix
# rows: 25
# columns: 1
 1.8
 -0.007503915466579126
 -5.68736116368464e-22
 0.007503915466239235
 3
 -0.0003647040193121653
 0.5462303592138458
 0.2821665336590195
 0.6112674067213948
 0.6112674067213941
 0.6112674067213957
 0.6112674067213937
 0.5462303592138481
 0.6112674067213951
 0.6112674067213938
 0.5462303592138456
 0.6112674067213941
 0.6112674067213957
 0.5462303592138474
 0.7826650281019344
 1.500045137102206
 1.846111072236093
 1.299116202080298
 2.109675842074573
 2.484612766543227
